486.16
157.48
473.42
151.35
498.50
128.29
470.77
235.95
231.71
286.15
184.52
126.92
211.01
448.72
212.42
474.36
429.84
317.47
448.99
425.71
369.82
133.29
229.01
207.50
460.10
237.46
263.91
189.04
184.48
434.49
296.12
330.49
329.09
232.59
212.85
210.80
330.24
129.28
417.27
348.07
131.73
240.25
224.52
319.79
130.58
136.20
444.37
176.97
318.05
263.72
436.55
342.90
182.92
436.32
348.63
377.72
449.85
329.74
134.50
460.72
127.89
227.77
262.60
192.06
429.38
335.32
289.80
431.06
446.12
450.84
271.62
299.73
126.92
475.32
212.65
419.90
157.39
369.82
330.30
206.60
206.04
208.62
209.23
157.80
304.83
443.48
231.65
231.75
192.06
291.13
240.25
293.61
384.74
186.41
324.65
310.94
377.92
242.29
314.26
324.61
858.83
1478.37
765.67
1654.69
1313.19
620.34
1427.40
1449.83
767.42
1404.60
726.64
1549.65
1472.93
1647.41
1462.41
1511.74
771.81
748.73
1360.37
726.47
1738.74
1709.30
761.95
1168.63
749.60
1704.80
809.21
769.31
603.62
797.16
1515.79
950.96
1054.72
809.44
1408.41
786.50
1071.34
1472.04
1426.26
855.48
674.82
1057.65
1048.52
788.62
927.56
1467.81
1590.10
1349.89
831.95
1485.21
838.34
1372.80
982.38
1270.39
1368.70
906.54
1211.73
1090.72
804.24
737.18
1414.08
552.45
1132.30
830.60
1490.72
1360.52
754.42
746.96
1667.63
448.15
750.78
898.68
827.28
1183.07
1170.67
1428.67
1623.10
806.62
714.12
739.23
1639.89
1184.02
1009.69
1665.07
957.07
1136.06
750.84
835.70
966.43
1270.39
1582.95
1257.37
952.75
573.71
458.52
1108.76
994.60
725.91
753.67
903.26
1888.78
1649.94
1533.06
954.91
1528.44
2114.49
1130.38
972.42
1245.82
1555.47
1519.72
1365.28
1530.32
1064.90
1755.24
1762.86
1500.83
1115.91
1873.89
1486.19
982.42
1420.07
1867.82
1739.07
1829.67
1451.79
1340.60
1565.34
1075.63
1622.56
714.67
1525.62
1168.02
1624.55
981.30
1820.67
1142.77
1558.40
1586.63
1621.89
1086.82
1504.56
817.84
1614.61
1732.70
1817.93
2038.84
1843.60
1572.80
1817.00
1293.05
1234.69
1910.61
1658.19
1643.97
1098.96
1523.92
885.33
1450.15
1282.46
1563.67
1722.75
1830.07
1307.49
1351.80
1794.41
1690.94
1222.60
1504.38
1882.41
1644.60
1767.78
1380.36
1156.08
909.01
894.00
1802.34
1314.89
1495.28
941.56
2013.53
1205.46
1513.00
1973.41
1212.70
1927.30
1782.62
1150.93
1692.77
1200.64
2035.14
1903.08
2125.71
1904.91
1046.02
1389.83
876.16
1828.03
1651.38
1692.81
1420.75
1089.03
1393.61
857.89
1431.27
791.80
960.95
1501.03
1330.10
1548.97
1085.91
1273.87
959.08
1298.05
1291.48
873.31
1054.58
644.15
1045.37
981.84
1570.85
795.32
822.36
1441.90
1653.97
1107.49
1239.11
1514.01
1226.51
1002.87
642.85
711.22
647.24
1937.99
1280.63
727.82
813.98
727.63
988.01
1067.27
697.87
868.96
1153.63
1317.75
920.82
1126.32
1121.43
680.34
946.64
1209.55
1757.01
1037.51
610.24
1175.68
733.24
703.82
1408.45
1370.79
623.80
708.81
799.97
1024.88
1908.34
1265.50
653.63
1640.82
1403.57
944.48
741.14
1236.16
1042.30
1021.14
1346.63
1298.04
1399.36
1122.06
1464.30
624.97
718.90
1216.26
763.13
1035.18
1369.90
601.56
1135.79
745.02
1938.05
524.53
914.44
1469.18
641.53
1029.58
669.06
1379.86
1758.73
1124.83
1285.78
828.13
1197.77
1542.88
1019.89
703.02
857.26
984.31
684.94
529.72
978.98
896.99
514.70
1188.19
622.79
1080.98
803.70
965.62
753.23
578.58
1075.35
547.77
1299.95
556.63
1072.56
497.38
865.35
859.88
742.57
805.99
1283.03
742.97
486.65
1322.02
487.74
693.64
1088.83
907.43
658.14
1577.64
884.66
954.35
787.13
1080.51
980.08
887.47
608.06
570.58
527.01
1113.26
624.54
988.41
1157.05
656.42
272.80
253.73
262.92
734.14
1174.09
594.87
985.44
762.40
438.02
907.69
789.05
776.88
927.77
877.58
1215.10
478.11
930.53
1024.73
1282.32
358.77
761.20
890.27
1112.74
1026.64
761.04
774.08
1039.34
1167.35
829.52
331.36
634.34
759.45
269.87
320.96
786.44
627.55
1244.23
911.41
750.06
1174.15
562.81
633.07
289.62
727.05
288.33
321.16
1086.38
773.59
799.79
774.08
1056.24
874.27
602.24
325.11
1123.30
303.08
758.97
616.61
963.38
651.20
991.15
765.47
717.74
449.57
294.40
885.34
757.01
1181.50
972.44
444.38
1084.07
771.47
1212.83
444.50
568.44
509.81
624.09
751.99
796.84
344.28
736.00
940.90
773.97
579.44
247.94
863.94
1113.21
292.33
1132.19
614.04
950.40
1064.17
751.96
267.50
438.50
328.68
1097.26
1156.54
335.82
759.19
1464.28
1162.74
1301.44
1417.74
1186.18
467.43
705.14
758.76
1096.53
1494.52
754.52
1409.57
911.30
674.72
1470.09
770.26
715.12
616.60
953.27
1327.26
610.23
663.74
908.45
1529.41
1309.49
799.64
1477.44
703.42
1302.37
677.86
672.73
1121.31
616.88
569.37
788.48
1477.40
1312.83
882.88
1078.64
1285.59
1408.46
842.03
1137.74
1513.29
837.36
1444.47
1332.21
1258.03
793.80
1178.35
1424.42
797.84
1573.70
1398.85
598.50
1314.26
857.93
659.62
758.98
1433.67
835.36
1095.41
1152.11
1551.29
1432.73
776.88
1036.61
1219.18
1336.63
696.93
1517.11
442.17
1404.40
500.59
883.42
1170.67
1311.28
768.92
1542.55
1065.31
796.94
700.57
746.87
1507.74
907.34
683.95
1460.67
1418.78
798.17
1452.79
535.68
1091.44
752.67
1010.33
891.58
1207.86
664.33
1296.89
1391.50
747.71
1903.86
2125.74
2046.36
1842.94
1789.88
2001.48
2032.86
1983.42
2073.73
1999.08
1967.31
1931.58
1457.74
1978.95
1870.64
1907.74
1811.22
2028.66
1793.63
1695.67
1751.87
1615.96
2102.20
1998.12
2075.51
1850.95
1947.15
2086.85
1644.34
2087.71
1841.57
1922.20
2012.24
1932.10
2147.56
1876.93
1844.34
1986.41
1940.10
1735.35
1829.87
2026.92
1951.24
1774.94
1702.87
1919.23
1938.10
1871.90
2179.83
2117.44
1858.16
1847.15
1861.77
2006.80
1995.03
1856.42
2016.47
2122.96
1826.00
1816.80
1783.56
1973.73
1874.13
1879.13
2027.65
1863.93
1965.78
1828.53
1933.53
1841.59
2169.74
2018.34
1936.80
1981.67
1903.56
2072.40
1967.13
2077.82
1980.73
1819.29
1933.28
1982.36
1806.60
1953.72
2033.34
1954.27
1794.52
1955.93
1835.46
2094.75
1828.96
2092.89
2150.13
1757.95
2032.46
1797.67
1828.47
2093.72
1739.83
1821.35
1386.91
1181.66
901.46
1935.26
1486.69
865.72
1246.31
1324.14
554.86
1176.50
2191.18
1496.89
1802.75
1733.12
1534.93
1971.91
1724.47
1811.84
1751.82
1441.57
1382.39
2218.54
1753.48
1829.69
1405.32
1431.91
1642.68
831.25
1885.73
1447.86
1714.63
1559.78
1745.39
1000.93
1323.41
1975.45
691.40
1837.74
1679.39
363.54
1918.43
2031.61
1183.80
675.83
1315.13
1708.86
1846.54
736.11
1611.46
1434.45
1540.12
1443.84
1186.51
2195.84
1622.26
1043.27
1458.30
1945.60
1127.80
1880.77
1268.50
1066.40
871.80
160.09
1353.35
851.78
1158.93
1843.80
1389.55
877.22
1512.91
1413.61
1372.71
500.00
1543.07
1615.59
1469.08
1588.22
614.14
1615.05
1299.33
933.88
1454.83
2015.30
585.63
1599.31
1476.68
1720.68
1021.28
1748.56
2182.07
943.76
1301.87
1364.85
1500.98
1770.72
1749.83
1283.83
1124.83
1250.93
1464.86
1794.03
1479.16
1802.31
1840.65
1763.39
1825.76
1911.09
1386.91
1661.32
1355.80
1179.66
1260.30
1482.57
1440.69
1319.65
1535.38
1464.29
1357.86
1592.14
951.13
1557.12
1742.12
1179.22
1231.49
2138.64
1251.70
1592.45
1456.65
1890.63
554.10
1389.65
1367.43
1143.17
634.74
1452.57
1195.61
1203.01
1725.30
1243.16
871.32
1388.48
827.74
1751.39
1075.79
1846.06
1855.27
1085.97
783.14
1753.60
1629.02
1596.02
1807.55
2135.81
1429.08
737.03
1666.82
613.16
1290.47
1945.48
1888.05
780.68
774.10
1356.22
1535.19
1142.05
819.90
1709.87
1401.95
2102.21
1869.20
1888.60
947.10
1793.83
1016.10
1448.64
1661.22
1920.76
1680.31
1731.09
917.86
1798.96
1886.40
1577.78
1607.21
1345.86
553.61
1162.37
736.60
1459.31
1965.19
1986.05
1367.41
1483.32
1153.04
1535.63
1678.31
1699.74
1362.21
1590.87
1504.68
1391.88
1959.47
1553.70
1060.48
1667.21
1355.18
1535.40
1612.39
1935.75
1427.01
1495.19
1772.18
1534.04
1614.37
2168.16
1911.27
1951.76
1480.40
919.73
1105.21
2159.40
1937.86
1929.02
1391.80
1719.93
942.87
525.55
1466.28
1560.33
1164.02
1032.69
1133.24
1820.72
1961.31
1650.69
1821.32
1969.97
1978.11
1763.56
1498.54
1649.89
1731.90
1526.35
1981.53
1547.51
1316.42
1800.37
1743.25
1850.53
526.45
747.14
1755.03
1530.71
1773.49
1990.74
1616.16
1806.91
1635.38
1905.29
1300.85
1792.98
803.19
1346.87
1666.98
1754.75
1124.85
1520.11
1055.65
1835.74
1712.98
804.83
1567.86
1793.41
817.27
1204.65
1635.96
1771.55
1821.42
1349.36
943.26
994.56
1030.48
1487.10
1433.08
788.70
1752.07
1137.60
1099.94
1820.82
1560.38
1025.73
1833.35
1264.72
1023.44
1541.41
620.60
1349.13
1208.51
1726.61
837.88
1307.91
1061.47
1863.57
1459.30
1479.18
1750.58
1738.18
912.85
1929.76
1705.49
1075.02
1269.33
1696.34
1565.74
1186.85
1754.28
1747.14
1735.78
1554.11
1452.57
1740.46
799.75
1380.84
1332.34
1640.39
1161.03
1655.92
1802.93
922.29
1511.19
1245.56
1894.69
1570.54
1339.19
581.67
1196.71
2002.17
1630.98
932.33
1813.01
1262.39
1254.97
1824.20
1492.32
1450.28
645.98
1082.45
1779.42
1620.98
942.75
963.20
1854.37
1137.23
1328.96
1762.31
1717.15
1425.93
805.73
1787.85
1619.60
1758.71
1817.77
1466.97
1410.63
1587.07
1977.39
804.29
1687.47
1662.82
1616.09
1390.49
1778.96
871.59
1607.31
1413.89
1845.62
2040.10
1650.97
1571.53
1349.75
1770.87
1708.17
899.62
1120.60
1282.46
1257.76
1494.87
1763.17
2152.85
1551.92
1234.75
1342.90
1225.33
1510.32
1147.54
2014.68
1720.68
1778.93
1193.86
1649.73
1428.26
315.59
2062.74
1412.47
1696.85
1601.47
1919.84
1844.87
944.19
656.00
1169.73
707.62
1822.41
1815.23
1926.04
481.96
1393.40
1686.08
1557.64
1577.96
1491.74
1109.97
1759.54
1050.93
1583.27
1654.66
1515.59
1937.65
1658.75
801.01
1497.59
629.26
1573.79
1693.08
1765.48
736.99
1459.53
1241.59
928.71
1553.29
925.97
1683.47
1657.99
1646.43
1959.80
1838.68
1521.68
1201.02
1174.09
1696.66
1247.98
1584.82
1450.50
727.00
1147.71
1454.36
973.68
1799.11
1324.53
2040.51
534.86
1740.36
1280.95
1882.74
1674.06
362.74
812.86
1782.92
653.75
1001.01
1537.28
1576.03
1785.67
1329.75
1828.60
1410.93
1777.95
823.15
1482.03
1535.20
1182.38
1519.45
1570.21
1659.92
472.03
1246.96
799.54
1462.77
1570.59
1085.21
1193.73
942.09
1075.61
1114.07
1594.65
1927.29
1896.40
1981.64
1324.88
2000.92
1782.89
1032.50
1238.60
718.00
1133.87
1512.93
1183.92
1792.48
1690.15
1522.35
858.15
1520.28
1240.51
1755.22
1771.37
1929.70
1222.12
1873.27
736.99
1608.99
1280.41
1099.47
1669.08
1432.90
1649.74
1844.59
904.61
1252.08
1544.13
748.97
1635.84
1372.82
851.97
1850.83
1493.81
2155.33
1218.67
525.03
1107.91
1517.60
1827.03
1769.72
1737.79
1321.31
1405.50
1649.57
1596.44
1440.75
1380.86
1901.05
1413.37
1602.99
1443.72
1704.98
1861.32
1769.62
1756.43
1311.67
1152.45
1140.58
1493.63
1563.81
1012.47
1898.34
1478.72
760.05
1479.87
2032.24
1524.87
1154.48
1034.22
1538.17
1186.83
852.44
1352.41
999.30
1418.21
1200.39
1278.13
1625.29
929.35
1250.15
1197.35
1200.79
1509.52
1544.42
747.29
1666.76
1192.42
478.92
1351.83
1101.40
1472.93
1082.31
1649.89
1208.45
1435.76
1123.51
1729.30
1133.12
1627.11
1182.81
1656.75
1900.76
2154.87
1671.73
1373.30
649.11
1763.74
1510.78
1475.93
1421.58
1602.46
1887.08
1515.92
1514.61
1508.84
1100.22
1994.20
1877.19
1871.89
1142.33
1433.01
1561.55
1618.01
1406.56
664.97
1829.03
1468.13
1789.45
1414.32
870.15
1732.36
1769.24
1420.22
1948.50
1553.50
1559.45
817.12
1510.11
2052.56
1418.56
1600.78
1802.03
1709.89
1492.22
1860.08
1568.85
1524.71
1539.25
1529.95
1605.11
2128.31
983.68
703.84
1811.93
1512.21
1268.83
379.28
1364.13
813.58
912.53
1862.93
1094.63
1547.04
1710.27
1745.78
1363.38
1802.54
1452.15
1163.86
1285.13
1920.12
1574.37
1665.07
1610.57
1420.73
1076.43
1508.26
1472.87
1258.90
1390.00
1725.70
1644.65
1116.46
1698.45
1393.36
1616.98
1719.19
873.85
1874.41
1573.15
1804.82
1156.79
2091.73
1547.19
1940.75
1310.60
1045.49
1921.25
1800.08
1531.06
1003.65
1410.39
1791.56
1473.78
1573.24
1364.83
411.82
1655.46
1100.18
944.87
1255.13
2213.68
1323.41
1435.18
1715.64
1107.45
700.49
1377.60
1555.03
1421.16
1579.21
946.78
1081.11
1253.32
1370.78
1443.26
1469.34
1824.22
1536.32
1203.12
902.00
1477.26
1755.32
1534.96
1465.44
1517.08
674.84
1473.10
1045.14
830.12
1372.98
1640.05
1615.11
1844.57
1238.19
1762.26
886.78
1620.72
1859.84
1042.97
1975.03
1213.17
1971.76
685.27
589.37
1490.15
1058.36
1741.80
1258.21
1829.00
1579.51
1431.61
1477.67
1180.85
873.51
1815.69
1680.65
563.65
1197.79
851.13
1084.28
851.72
1478.65
1495.77
1554.91
2085.72
641.06
786.57
607.24
1425.60
1166.64
1601.47
1001.39
2112.24
1596.94
271.89
1550.55
1053.02
709.14
1202.55
1462.00
862.10
1847.34
1878.43
1847.32
835.53
434.34
1504.75
1148.37
1521.42
1493.36
1145.00
1639.17
436.13
633.18
1695.15
1621.91
770.03
1111.94
1160.95
1377.70
1501.23
1319.24
1850.21
526.16
1385.49
861.09
1557.10
1635.78
1758.44
1690.52
1494.98
1833.97
1427.30
1917.07
1213.43
1609.21
881.82
1486.42
1284.78
855.56
1595.41
1675.73
1517.03
1678.00
1468.16
1716.65
1419.26
1257.48
1445.53
1283.31
895.32
1669.16
1635.03
1540.86
1483.63
2092.24
1886.06
1748.31
457.87
1157.20
1302.95
1978.77
1523.83
1075.44
1431.31
1115.46
1864.52
1730.37
2126.95
1638.80
1543.95
1053.49
1928.37
1721.07
534.06
1282.12
873.71
1360.70
1576.16
1507.51
1533.08
1643.17
1420.36
1882.53
1406.30
1254.36
1538.72
1490.29
787.13
1461.88
1546.62
1050.46
649.10
916.16
1322.50
1171.98
1529.83
1056.23
1845.95
1754.87
609.32
1500.21
1480.88
1359.12
1335.83
1366.60
1810.05
1493.41
1703.24
2083.24
1860.08
1745.48
1377.43
1138.78
1510.36
1462.83
1756.16
1688.63
607.02
1775.36
1822.39
1840.48
1763.47
1379.63
1384.59
1233.57
1241.42
1800.48
774.82
305.93
915.26
558.89
1382.48
1039.67
891.90
708.84
959.52
1511.12
1415.10
682.15
1124.27
1891.86
892.24
1760.13
1863.17
1488.51
1723.82
364.00
1464.52
1365.98
951.14
1299.94
1229.99
1181.33
1883.82
1426.87
1561.14
787.49
2200.43
1266.42
1958.31
1236.57
1420.60
1293.10
1656.82
642.20
1464.76
410.49
1480.22
1686.83
1842.45
510.32
1745.26
810.19
1078.52
919.21
1249.28
1741.71
1420.13
1495.61
1416.50
897.57
651.54
1184.32
1937.86
1848.84
1115.24
2078.41
1914.28
1688.17
1004.11
1558.31
1450.64
801.17
1547.44
1148.03
1647.33
1327.91
1354.02
1674.79
1522.06
1421.63
1697.10
1769.86
1632.35
1470.27
1316.46
1590.69
1791.61
1162.63
1726.17
1206.47
892.76
1653.06
1581.72
1908.40
950.51
1274.31
1157.92
1076.48
1808.57
1315.43
1984.12
633.32
1397.32
1354.92
1324.20
1454.28
1717.14
2032.20
1601.88
1020.11
1270.96
1735.02
2128.96
505.31
1945.88
795.86
861.59
1745.31
988.28
1478.42
577.71
1841.62
1526.42
1962.77
1912.28
1275.71
1696.69
1538.28
1885.67
1645.11
1482.43
976.26
859.66
1568.24
864.08
1703.05
1465.41
1358.60
2180.55
1641.07
1595.90
1531.48
1139.76
1801.78
1740.80
1960.56
623.64
1030.62
1062.60
1387.10
1800.05
1748.19
1499.55
1780.05
1624.23
1446.51
1699.64
1751.35
1542.58
1908.76
1009.84
1279.68
1029.64
1678.99
1727.37
1716.85
631.03
1326.66
834.13
1255.16
1161.54
1235.78
542.48
1477.55
1467.52
1668.13
1204.16
654.82
1135.39
1651.56
590.13
633.58
1642.14
1761.47
1264.52
1743.21
1639.52
1706.87
1689.49
1688.86
1585.08
1410.51
1751.90
1624.99
1263.33
803.70
1132.09
1094.76
1307.59
612.21
1511.92
1977.74
1686.12
1378.65
1468.35
936.89
1705.79
2186.07
1504.33
1206.08
1846.89
1280.36
1325.59
1543.72
1593.94
1012.56
1210.85
1849.26
1713.90
1892.07
1446.87
1633.10
1784.22
1555.72
1917.75
1714.46
1600.69
1742.19
1383.17
1783.53
1446.43
1640.24
1300.60
1493.88
1544.78
1478.89
896.00
726.88
1765.15
1633.07
1264.24
1163.81
1118.46
1350.82
1277.56
608.62
795.71
1511.58
1722.69
1583.50
1479.12
1904.98
1952.89
1981.68
1238.34
1502.68
1061.51
1104.94
1003.73
1821.05
651.22
1641.37
1180.59
1690.61
1889.17
1425.69
1640.46
1113.98
1525.71
1751.58
436.60
1367.17
1160.67
1468.89
1415.19
1561.97
770.26
1439.42
1536.46
213.17
751.61
1853.47
1521.80
975.99
1169.02
1804.25
667.12
775.56
1899.18
1756.08
1636.88
1770.92
1817.29
1279.75
1529.28
1313.80
1810.19
1481.11
1641.17
1591.05
2041.52
599.23
1710.37
1173.97
1488.40
1526.22
807.60
1221.12
1561.08
1502.21
822.73
1422.14
1918.31
1331.54
958.23
1442.39
1382.26
1574.60
1811.06
1877.89
584.51
244.57
737.61
1628.61
1732.17
1792.08
1637.55
1533.20
1836.96
1773.83
1754.32
596.03
1831.21
1843.82
1564.75
1718.24
1919.17
1425.93
1887.35
1467.79
1237.07
1471.78
950.79
1714.65
1511.71
1779.97
1235.15
1524.34
305.83
1831.24
1425.63
1430.89
536.75
867.76
1859.09
1466.74
1726.27
1015.25
1832.83
1468.11
915.33
1896.05
1306.67
932.36
624.40
1285.79
1845.69
1781.71
1427.91
633.26
1321.33
1186.04
1082.11
1749.02
1281.74
1333.74
1355.18
1519.21
1578.40
1823.87
868.00
1389.32
1821.42
1661.33
426.43
1809.60
1533.07
2169.60
1757.11
768.04
1150.46
631.58
1617.34
1697.64
790.35
1139.63
1732.48
560.55
970.99
802.87
1675.28
1521.94
2172.99
961.55
1276.55
1282.12
1591.53
1874.47
650.07
1864.36
1312.62
1493.14
726.93
1634.95
1535.40
1951.28
1797.02
714.30
1628.41
1251.70
1857.95
1465.42
1665.75
1739.19
831.19
1202.24
1033.40
988.53
1469.47
1446.86
1755.86
1442.78
1355.58
1566.63
1285.79
1441.23
1448.44
2049.60
1038.52
1851.64
1514.33
1700.50
1524.03
1135.16
1507.31
1904.34
1738.96
870.13
1585.51
1548.21
2098.79
1675.03
1695.05
1768.56
1446.90
1476.53
1659.62
1830.42
1040.41
1573.70
816.19
1724.61
1784.86
481.29
1634.23
1882.95
1809.96
1470.84
1461.26
720.14
1092.69
1768.63
1209.09
1688.59
1263.68
697.09
1534.23
1503.75
1443.91
1757.33
1258.32
370.55
837.52
1770.83
1999.58
1765.23
1669.27
1994.87
1328.86
1556.73
1637.44
1614.91
1384.16
1520.47
1456.32
1693.19
1078.07
1600.48
1524.55
1185.52
1074.81
710.91
1877.12
1342.71
1475.31
925.41
1164.07
1539.63
1585.94
1128.20
1320.04
1703.11
790.44
1884.30
986.85
733.69
1728.23
1025.17
1725.40
1941.98
1156.89
1833.63
1820.06
1969.35
729.17
490.25
892.96
1560.68
1764.31
583.43
1755.09
1820.95
1350.12
1625.36
948.16
831.49
1717.99
810.17
136.31
1299.72
1913.01
1634.88
1629.68
1979.60
1688.16
2000.99
1639.27
1457.17
1283.58
1692.24
970.28
1526.57
1448.54
1870.83
1156.25
1622.59
1298.62
1554.04
1581.18
1289.08
1333.83
932.53
1809.77
1125.92
1753.05
2091.53
792.59
1815.22
142.63
1830.76
1386.52
1719.89
1796.34
1006.33
1819.72
1841.12
1680.72
1625.57
703.79
1531.27
1633.18
1482.61
1441.87
1740.45
950.32
1926.51
1559.13
1342.14
230.89
1861.39
450.18
271.34
1274.12
890.45
1846.57
1804.81
1540.18
1802.33
1606.53
1381.25
1554.24
1193.44
798.02
1730.95
1310.71
1544.46
1226.27
1370.03
1718.21
1622.28
1517.01
703.31
1468.42
1453.97
1873.21
1100.24
739.82
1183.39
1183.55
1350.74
1112.33
1611.06
1556.84
1793.47
793.18
1662.22
794.87
1920.27
1924.70
1450.64
1155.24
1531.41
817.29
1837.10
1336.46
805.58
1625.46
1145.12
895.79
503.21
952.95
549.47
1819.24
1958.92
1574.73
1331.68
1162.07
520.32
1471.15
1741.23
1233.00
488.20
1648.13
1644.00
558.98
1345.23
722.03
1033.47
1248.99
1980.95
902.66
308.64
1308.81
1826.51
1503.58
1852.62
1934.48
1131.21
1660.00
1931.81
1248.85
977.03
1043.52
1757.32
1265.58
1580.32
1035.47
1539.25
2206.64
1657.68
1224.54
1886.84
1910.00
1302.63
1700.08
1518.82
986.43
1871.01
1371.71
1292.10
1547.80
1740.07
1503.81
548.64
1518.56
801.58
1167.17
223.15
1732.69
1892.96
1683.99
1201.06
1270.87
1722.87
1969.44
1536.68
1297.28
1447.61
637.77
1810.51
1887.08
1087.04
1814.28
1284.18
1727.79
1858.00
1680.11
723.10
959.86
1536.20
1867.21
1341.77
1204.13
1567.04
1419.28
1143.15
1784.24
1525.08
1754.18
1529.30
919.93
1751.89
1447.83
1647.82
1002.02
1602.47
1151.59
976.67
1491.03
1669.44
1492.73
1368.61
1839.36
1246.49
788.38
954.81
1738.24
1554.08
1666.93
1398.58
1348.67
1313.05
725.50
1945.89
1078.91
1987.85
1020.92
1698.38
600.49
1455.69
1210.15
1161.59
430.49
1746.49
1742.58
547.73
1137.98
2010.90
1837.16
1143.89
1863.72
1368.61
1601.68
1678.35
1506.86
1975.87
941.10
605.11
1896.51
1680.15
1326.46
1976.77
2166.20
1523.95
1648.17
1566.86
1362.75
1229.10
1259.52
1285.56
1384.06
1520.17
1912.79
1534.93
1620.58
1650.51
1641.71
1264.71
1820.50
1037.48
1362.32
1426.22
1565.46
2005.40
602.06
1097.04
1408.35
1919.80
1716.49
1177.32
1881.77
1623.74
1674.87
1800.80
894.91
889.48
1854.45
301.39
1854.80
1942.72
1848.15
1732.18
1459.79
1509.42
1511.67
1864.17
273.65
1650.94
1144.64
1209.44
1983.25
1351.97
1154.22
1443.98
1646.46
1558.59
1483.41
1645.69
1456.54
1837.16
833.57
1398.59
1141.37
1205.81
696.82
683.50
996.66
1536.23
602.14
1151.55
823.37
1488.24
1818.31
1878.25
1563.93
1883.97
1518.33
1374.35
1537.99
1972.79
1201.76
575.63
1181.34
1739.59
1620.90
1822.26
1956.66
754.43
545.21
1858.38
1190.15
1808.18
905.63
1889.82
1179.99
1613.55
1217.20
1249.21
1367.68
1473.71
1852.80
1234.57
1897.72
1511.48
1459.14
1585.76
1749.02
1916.50
1739.58
1605.33
1240.89
2128.24
986.47
836.04
1454.58
1287.70
1648.80
865.44
1277.07
1364.96
1671.48
1673.13
1930.91
1235.97
1395.70
1595.99
535.91
1669.21
1552.78
1836.34
1822.18
557.21
588.80
1676.95
1835.62
1198.67
1783.90
822.07
1147.47
1446.70
812.74
2027.28
1421.58
1163.56
1753.59
1877.22
1441.45
1010.12
851.45
1517.17
1584.01
1766.98
1495.88
1704.15
1588.99
1256.10
1855.47
1629.83
1431.30
1796.81
342.94
1699.32
1299.85
1669.60
627.68
743.45
1863.39
1776.68
1350.96
944.40
1590.19
1960.51
1723.33
1291.89
1649.49
1685.54
1271.27
1613.66
1644.33
1475.15
1119.11
1353.85
890.82
1779.94
2075.61
1552.16
1923.24
2221.36
1822.44
1507.04
1679.33
719.40
928.28
1526.21
781.71
1481.34
1424.52
1871.52
862.29
1841.20
1674.21
1599.09
1567.89
1550.16
1784.65
556.60
973.43
699.25
1427.03
769.15
1842.57
1381.59
2085.73
1621.76
1389.48
1065.08
466.44
957.03
1584.25
1454.30
1653.08
1109.07
1018.59
1422.27
1327.38
1412.86
918.14
943.88
1529.08
1487.27
1902.54
887.68
1139.83
512.94
893.84
1847.32
1404.25
1813.05
1544.43
1505.58
1295.50
1803.89
1827.65
1176.96
1933.49
1533.44
1431.99
1108.05
1450.18
1763.55
414.68
1813.27
1861.94
1091.82
1515.24
1034.52
1777.87
1184.63
1474.59
1536.78
1501.40
699.56
1597.81
1582.31
1648.99
836.70
1072.16
1840.65
769.28
1776.63
1928.91
841.60
1463.10
1943.68
1505.89
787.50
1791.57
1204.71
1277.24
1368.82
1808.29
977.63
1369.80
1938.97
1562.69
1210.69
1666.04
1575.62
1356.90
850.30
1482.02
1209.88
763.40
1335.10
1441.99
362.95
1626.37
519.85
1558.09
1266.70
1752.50
1786.19
1679.10
1404.94
1398.17
422.22
932.83
1610.32
1866.95
1170.83
1662.10
1903.19
1617.05
1440.23
1457.43
1203.78
1571.67
514.68
2250.12
1454.71
1044.69
741.06
700.52
1829.03
1408.72
1412.38
1955.61
1773.28
1300.84
1618.83
1523.80
1032.95
1883.33
1633.63
1615.00
1627.80
1509.82
1974.33
1534.75
1690.53
1008.67
865.29
1682.18
1804.41
1431.57
963.67
2019.80
1470.42
1825.98
1615.93
1558.17
1522.53
1214.07
1668.21
1372.18
1868.73
1248.91
1780.64
1683.64
1561.20
2190.46
1364.74
1451.69
1680.62
1636.96
1458.15
884.54
1108.68
1684.93
1369.36
1854.54
1651.50
1295.22
823.08
1185.81
1053.45
1890.40
1454.83
1310.40
1831.94
1421.12
1797.95
1946.93
1874.16
1612.08
1678.94
1586.00
1211.60
531.08
1680.05
2014.95
1800.63
1791.79
2275.50
1745.93
1793.13
1391.08
1015.34
1278.62
1734.21
1585.43
1622.52
1222.92
1640.86
1613.74
921.44
1809.77
1426.50
1967.36
2208.54
1344.49
887.37
1605.88
1808.39
1565.16
1699.20
836.74
1978.86
1878.17
1860.39
1415.98
1587.34
1879.25
368.35
601.11
1437.81
804.50
1410.14
1124.04
1738.51
1168.27
1227.18
1208.02
1213.75
1688.82
1681.84
1376.92
1195.58
1689.95
1514.55
1573.31
943.56
1957.34
1360.07
1522.09
1366.96
1562.63
1624.94
1331.89
1075.04
417.71
936.06
1614.41
904.01
1427.40
1545.20
1623.78
1836.10
1810.70
1733.10
1674.87
1725.94
1396.56
1919.89
1457.52
1548.11
1873.89
1902.74
1572.88
1746.60
1588.38
1479.44
1814.75
1126.19
1034.63
2046.22
2142.50
1559.72
947.79
1715.86
1942.67
1513.80
1661.95
1537.36
1984.39
927.60
1689.08
751.06
1320.53
1580.50
722.00
1496.03
1510.70
1941.49
1783.13
1668.74
1249.90
1120.36
1328.61
1871.88
1874.90
1521.56
1744.62
1389.12
932.32
1570.60
1165.25
1610.38
1309.37
1556.34
1870.39
1914.16
2031.42
1506.61
997.45
1891.59
1212.93
1651.51
1376.39
1759.95
1316.99
999.88
1245.64
1732.37
1492.29
1437.15
1032.26
1711.13
1484.16
1842.37
1977.33
1731.72
448.92
1399.45
1167.78
1413.29
2190.13
818.28
1598.22
1729.57
1202.20
1346.83
1797.99
1782.36
1467.34
1680.23
623.70
872.96
1178.93
1608.70
1413.78
1649.89
1610.38
1519.46
1354.93
1440.63
906.15
1648.34
1796.38
1873.79
1938.03
1807.93
1532.34
878.60
837.41
1591.35
932.21
1483.38
1487.40
1508.46
908.26
1671.74
1929.06
1106.41
1719.24
1039.55
906.67
1729.04
1283.09
1807.95
1848.48
1481.08
913.31
1440.63
933.59
1447.36
1665.36
1067.92
1645.71
1537.29
1002.06
881.58
1472.03
1045.66
1857.56
1252.70
1329.19
1631.53
1495.56
821.27
1216.20
1532.52
875.72
596.49
685.63
447.68
1393.96
1822.73
691.20
1608.44
1611.75
1634.10
1528.74
1794.79
1928.43
873.20
1476.63
2044.03
1475.06
1673.87
1369.39
1380.83
1659.94
1369.04
1149.75
1135.73
1623.32
1717.92
1530.60
1171.94
1567.60
719.82
972.13
939.59
1671.77
1032.06
1473.37
835.84
943.68
1425.17
1086.78
936.48
433.83
1807.42
965.38
840.91
1895.54
753.70
2018.78
1318.11
1567.10
1789.08
1463.05
810.75
1819.04
1907.02
1794.07
663.95
988.07
836.41
1578.43
587.08
1494.69
1720.07
1512.95
1911.44
1096.53
1166.64
1748.28
1556.52
1927.10
1961.76
1512.27
1738.53
1808.74
704.31
1594.36
1055.54
1768.11
819.57
290.61
902.84
964.60
1681.54
1860.16
986.54
1419.26
1298.19
915.98
1339.03
1717.86
1417.09
1642.98
1817.43
794.11
1606.88
888.01
1789.68
1250.17
1210.44
839.00
1962.57
1323.71
1329.49
1808.25
1720.23
1239.06
1857.43
1538.94
1468.78
1941.47
1715.93
1265.52
1504.31
1455.00
1670.87
1336.60
1694.88
1100.71
1632.60
1650.98
1744.51
1817.18
2150.57
2090.03
718.04
1472.60
1890.70
1549.85
816.60
878.64
1130.83
2013.85
1393.88
1479.20
1741.85
893.59
1648.03
1404.68
1782.85
529.28
987.08
1711.49
1723.14
988.74
1175.83
1957.81
1746.25
1703.23
1696.29
1095.68
621.21
1950.52
1349.62
1245.02
2213.68
1498.29
1751.61
1169.58
1566.44
1764.42
1841.22
1789.67
912.10
1541.41
1426.59
1646.73
1906.05
1381.76
1727.18
1368.02
1819.44
790.68
638.85
1195.69
1412.77
1737.97
1192.35
1864.62
1326.46
1504.36
1482.36
1372.13
1460.26
1291.16
1890.61
1843.06
1294.98
897.35
1113.31
1510.34
2106.45
756.64
1806.29
1424.75
1978.31
1494.94
1942.98
728.12
1634.03
1360.37
1053.63
1500.34
1222.99
1040.56
1615.79
1228.53
1747.32
1488.83
1483.52
1688.98
1443.46
1546.29
1359.37
2183.05
1527.66
1415.86
1088.59
1203.53
1905.46
1623.77
1552.37
817.08
1505.62
1884.50
1719.31
1805.12
1952.87
870.08
1569.24
1778.99
1554.06
1006.96
1752.29
692.11
1502.62
1629.54
1538.06
1268.02
831.42
905.16
1803.55
1181.75
1596.23
1754.41
1539.57
1807.67
1257.48
1817.07
1608.13
1658.77
1730.82
443.35
1303.02
1198.68
1829.43
1679.85
511.75
1158.83
1330.40
1760.70
1884.66
1312.23
1861.54
1780.26
1019.68
1548.48
1931.38
1485.14
1569.02
1507.26
1236.52
1817.55
1438.03
1254.68
1399.51
1787.36
1398.87
722.65
1357.17
1889.61
874.29
1290.15
1616.58
1346.55
1506.65
931.57
779.87
1674.78
1680.73
1212.25
1173.93
1881.48
1538.76
1927.84
593.19
1581.26
847.25
1213.96
1407.57
867.13
932.15
1370.03
819.65
1853.48
1383.32
1284.91
1953.38
1362.42
1462.91
1481.89
1349.12
1340.72
1291.53
1467.37
1687.91
894.77
798.42
996.53
561.12
1989.69
1686.15
1339.16
1203.61
534.36
1283.84
1344.94
1408.42
1338.09
2217.24
1197.70
1360.00
1479.83
1798.83
1703.67
1696.00
1700.99
1419.36
1821.63
1798.50
1442.08
1649.61
1349.86
800.05
1794.16
1266.66
1170.19
1820.74
1997.06
1801.44
1174.81
1657.84
893.06
890.14
1797.14
1219.37
1645.10
526.93
1524.08
1767.84
892.33
1680.22
1681.58
1908.79
188.89
1333.72
1968.71
1977.90
753.09
1337.32
1654.19
1852.48
1724.87
1994.29
1390.80
1538.01
820.41
1554.08
1177.47
786.79
1420.81
233.10
1889.14
721.18
771.77
1559.89
1313.40
2163.37
1239.29
1935.91
1913.10
932.65
1979.00
1546.78
2037.34
792.71
720.14
1653.66
1552.67
1651.39
665.26
1702.58
2184.48
1179.16
1165.61
691.75
1764.39
1832.64
1664.52
2006.20
1611.08
1519.06
633.04
1163.36
1766.44
1931.63
1593.04
1813.06
809.07
1668.70
1395.98
1868.28
1362.59
1329.24
1637.92
1685.48
762.09
1807.08
1352.66
1567.98
1866.89
1440.82
1335.31
1505.68
1938.10
830.69
918.96
1952.98
1793.89
601.22
1551.56
1459.65
1525.77
1779.09
1800.48
1413.57
993.79
1643.97
1523.87
1593.85
803.95
1429.96
929.43
1472.45
1383.02
1383.61
1851.44
1688.34
820.88
1708.52
1385.69
1208.90
1370.24
1812.83
1767.44
1638.02
1788.48
1308.24
1955.53
1672.67
1855.94
1894.62
1371.35
1326.03
1492.90
1242.76
1669.93
1723.21
1903.77
1480.56
1675.83
2058.13
590.93
1348.71
671.98
1704.03
1612.89
1599.14
1413.72
826.84
1365.42
1320.70
1470.79
1267.85
1851.94
1919.85
1278.70
2011.42
870.04
1595.11
943.17
1623.54
1212.72
1153.36
1665.87
1460.85
1162.56
649.51
1434.12
1473.66
1479.10
1813.35
1720.07
1464.24
1759.85
1790.43
1461.73
1541.25
1358.02
1252.80
1218.51
2014.28
951.46
957.64
1835.44
744.91
1823.05
1575.34
1520.89
1418.09
1726.79
1470.75
1888.97
1822.25
916.11
1755.01
1237.15
738.10
1414.67
963.83
1809.14
1937.83
1527.43
1455.11
1677.65
263.32
1591.37
1188.03
1111.50
1644.15
980.93
773.00
1727.69
1056.96
1389.96
1700.66
769.20
1498.28
697.65
796.91
1546.32
1779.24
1127.88
1621.07
1458.73
1181.10
1916.90
1724.28
1643.19
1543.86
1426.35
1422.89
760.26
1791.03
1869.03
736.02
760.97
944.79
1704.96
1830.11
1141.80
1945.65
1270.40
1220.51
1960.96
1340.92
1933.33
817.91
1434.92
1578.87
936.50
1804.09
1360.58
1155.79
1785.83
1336.89
991.61
1804.21
1939.80
1493.21
1612.79
1261.35
1218.08
1338.86
1653.81
1303.43
1925.09
1569.83
1364.87
1225.15
760.30
1799.02
1639.29
1103.76
1422.16
1870.99
2190.95
736.70
1787.23
1684.70
786.87
268.62
1505.88
1396.78
1347.54
1213.76
853.41
1479.60
1722.24
1464.15
1706.51
1627.87
1496.06
857.60
1416.95
1050.64
1162.18
1477.21
1175.66
1112.26
623.55
904.88
1886.89
2000.10
1759.60
1803.79
1220.95
1693.69
1648.92
1152.22
1380.16
1993.76
1254.45
1576.28
1664.25
1969.54
1517.11
1449.45
1421.34
1980.85
944.22
864.19
1441.59
1561.44
947.10
1023.10
1145.32
1307.45
1912.26
1470.49
1327.93
1855.10
1659.47
1623.06
288.56
409.13
2057.74
1691.92
915.52
1751.23
864.79
1033.29
710.31
1663.96
1203.60
1954.37
869.73
1499.34
1427.73
691.79
1915.35
1130.53
701.54
1368.22
1733.44
1646.45
1326.15
1868.66
1569.42
647.44
1856.60
1888.33
1433.57
2197.70
1208.44
2109.47
1048.29
1803.41
1053.33
1549.80
937.04
1182.80
1329.76
1472.62
1295.86
1504.80
791.86
734.33
1537.90
1179.95
1922.51
1833.14
1652.62
770.02
1287.49
1114.12
875.05
1586.29
775.46
1505.21
1367.05
1434.79
1372.61
1682.42
1037.90
950.88
1826.31
1367.21
1944.32
1064.32
873.15
1832.55
977.17
1292.60
1556.15
1567.96
1197.66
223.62
1799.81
1342.03
1921.77
1264.31
1580.20
1379.32
1966.43
1746.55
1693.26
1610.34
1542.75
703.43
1892.45
1494.24
1440.33
1791.59
1795.07
1453.17
1333.46
1871.66
1706.93
1206.95
1744.50
1337.96
949.48
894.38
1488.52
1959.20
1142.31
1051.36
1703.17
837.11
1466.74
1325.60
1148.34
1561.15
1507.99
1568.63
1093.03
1657.83
1209.40
1192.67
1059.39
1489.69
1547.25
1445.01
926.17
1316.69
839.13
1782.62
1287.84
1660.89
1032.84
2144.39
1809.64
1227.76
1911.87
1223.39
1724.24
1352.84
1262.28
1416.62
1474.04
1354.95
705.16
1646.57
1501.67
1103.41
2009.40
1247.46
1808.71
1129.41
1416.71
1069.42
1868.62
1552.32
1952.60
1581.86
1577.42
1786.33
762.88
1662.61
864.76
1420.56
1074.84
1237.52
1216.76
1986.09
1827.59
1604.39
1208.32
1007.82
1441.74
2134.30
1795.87
583.54
1198.99
1160.73
1597.09
1513.75
1499.19
1556.21
1466.93
203.69
1565.57
1792.73
1515.51
1673.68
1151.77
1899.78
1869.01
1150.15
559.49
2175.02
1134.52
1761.53
1780.61
1458.25
1872.99
1183.15
1760.70
1794.38
522.68
1366.68
254.19
1770.65
902.84
1069.50
1773.61
2092.16
901.06
1469.74
1602.98
1930.11
1772.76
299.10
1634.50
1156.65
1885.83
1190.38
1957.89
1949.35
1942.54
1481.49
1604.81
1215.36
1519.24
700.91
1743.63
1522.02
996.56
1122.57
1791.18
1365.74
1762.72
265.42
1725.55
1687.84
978.03
1122.13
797.50
1512.76
1275.80
1150.82
1261.22
1114.71
1604.97
1509.50
1142.27
1376.91
1648.03
1353.78
1516.07
1373.80
1735.20
1883.87
1145.15
1263.16
1166.62
1626.31
867.09
660.69
1298.80
878.69
1831.22
1447.13
1058.10
1874.97
1061.16
1867.72
1165.20
1303.32
1358.00
681.86
1333.42
1304.12
1339.68
1842.53
873.38
1331.41
1454.92
1720.19
584.30
1428.59
1415.00
888.38
1841.05
1822.74
1062.22
1377.29
1260.16
1652.55
1536.05
1387.44
1122.58
840.15
2048.59
1222.83
2146.44
1147.00
886.90
1893.07
1357.17
1525.59
1023.02
1279.92
1530.06
1290.24
1313.46
872.10
1344.17
1385.74
1357.31
1491.94
836.33
1398.41
1127.27
1374.52
1473.62
1724.28
1869.81
1621.03
1174.74
1921.25
944.04
1668.17
1193.69
1416.29
1266.63
1200.10
1582.58
1655.29
1776.53
643.91
1240.77
2200.11
1812.71
1587.62
1315.40
1892.71
1772.25
2088.79
1573.89
1480.08
1608.52
1876.43
1447.77
1201.32
1425.30
1488.19
1345.80
675.61
1109.72
1844.48
1274.33
1571.06
1971.58
1878.79
1522.92
907.28
1553.58
1829.93
426.04
1488.13
1445.02
1625.23
1674.11
1171.60
1362.58
787.97
523.03
1258.71
1730.76
2012.99
1862.12
1822.57
1418.01
1702.19
1714.72
1966.58
885.85
1796.62
638.61
968.52
1123.95
1511.62
1049.39
1607.36
1179.86
1561.06
1632.28
1806.91
1447.21
1421.89
1688.09
1337.03
1599.81
1904.92
1505.14
922.74
1308.63
1697.28
1156.26
1358.31
959.63
891.41
1565.26
1790.96
905.40
816.34
1197.65
1732.02
1474.24
1367.05
990.15
1805.28
1698.04
1596.36
1629.92
1446.92
1111.55
738.10
1463.29
908.12
897.96
1819.46
1953.36
1290.01
1978.27
987.85
1277.76
1044.16
890.03
1123.49
1326.32
1578.90
1524.97
906.76
1470.90
1776.94
1493.81
1320.78
1679.51
1332.95
1811.23
1270.71
836.88
1437.84
1710.35
1302.51
1155.16
1667.40
1210.66
545.02
1734.87
1656.02
875.96
1152.95
1200.44
969.50
1562.30
1541.35
1093.21
1152.24
1586.13
1665.77
1674.43
1849.52
1500.85
1443.13
1684.69
1735.51
1694.68
1888.01
1858.12
1561.78
1703.44
1150.50
1496.55
1188.64
962.31
1727.17
1314.74
1221.47
1653.42
642.56
1871.78
1261.75
991.63
1154.30
1902.41
1550.91
1531.56
1710.99
1419.18
1629.89
875.18
1399.99
984.68
1447.82
1720.22
989.13
1478.55
1471.07
1074.73
1234.31
892.15
1535.98
1828.36
969.13
1302.23
731.61
1622.18
548.16
1112.01
783.83
1429.98
1486.25
2108.90
2170.83
1369.76
1913.00
727.68
919.79
1888.71
1535.45
1325.97
1458.23
1503.97
1222.94
1752.50
1592.47
1041.56
2184.88
2062.33
1990.13
1643.65
1616.47
817.48
1580.66
1172.55
1530.13
1507.40
992.03
557.04
1911.67
1477.93
783.81
1485.21
1662.77
1197.69
1582.04
1834.37
1044.56
885.58
1398.36
1743.87
716.77
622.53
652.92
1873.40
1636.02
1396.41
1884.68
1290.12
1970.14
1606.93
1328.44
1586.16
1934.07
1323.42
1300.10
1618.21
928.86
702.28
1480.82
1623.75
1600.44
1628.50
874.23
1893.69
1845.12
1475.31
1832.40
1549.42
1756.65
1434.26
2126.94
1758.05
1233.78
794.46
831.97
1743.84
1069.94
1657.84
1747.15
1528.12
1238.47
1430.99
1340.60
1551.31
816.35
1165.02
1900.67
805.66
1450.54
1041.88
1649.72
1499.90
1177.71
795.98
1365.64
1419.85
1490.09
1521.09
1204.49
1830.49
1267.60
1531.68
1409.96
1858.19
981.72
1882.63
1698.73
1498.22
526.81
607.20
1822.95
1092.09
856.08
1609.09
936.11
1683.90
1688.38
1585.06
1832.48
1540.87
1567.55
1814.37
1882.12
1240.70
1274.21
1521.55
1563.35
1221.76
1018.02
1516.18
1401.02
1334.30
1675.45
1652.24
1194.22
1570.37
1757.05
870.45
594.66
1751.82
1419.50
1478.51
1760.42
1628.41
1209.79
1056.74
1621.34
1410.90
938.67
1886.59
1456.12
1795.45
1545.24
1763.76
1132.09
1461.77
1768.20
1700.72
2180.24
1004.39
618.98
1333.96
1397.82
1019.17
761.14
1684.67
1098.97
1845.42
1261.02
1755.96
1811.90
1640.09
991.91
1495.63
1613.90
1174.15
716.90
618.88
1211.58
1760.85
1691.16
731.02
1343.44
1434.57
1643.34
1544.67
1848.36
1954.51
1874.08
1478.93
1972.30
904.04
1197.77
506.55
1716.41
1517.06
1321.45
1502.21
1535.93
2188.29
1800.81
1737.90
1402.94
1472.97
1401.14
1567.60
2007.29
1823.18
1394.47
839.21
1526.17
1453.09
1340.35
1421.20
1411.87
1888.67
1048.47
968.58
1338.08
416.59
1582.17
1575.82
1487.05
1476.68
1034.25
1171.47
1279.55
1065.38
531.85
1557.47
935.45
1614.87
953.13
1805.97
1102.90
1883.00
1855.18
1733.26
1611.37
1809.75
1329.49
1941.45
548.42
1194.83
2069.73
1118.49
1291.58
1516.67
1522.86
437.59
1493.72
1525.54
1369.29
1818.81
1861.35
315.40
1507.07
557.89
1600.28
1430.62
1646.95
1403.86
1828.75
1950.94
538.97
201.09
1384.27
1127.72
1145.41
1230.35
823.85
1730.95
875.52
1823.92
1512.35
817.58
798.61
1295.05
1736.02
1798.21
791.90
1621.37
1588.21
1176.72
643.19
786.63
1539.96
1265.68
1015.31
1479.76
869.80
1658.31
650.34
1282.80
1792.32
1584.15
2095.41
1585.04
1474.77
909.00
1699.30
753.19
1640.29
1182.22
1611.59
1298.55
1308.91
1498.10
1547.98
1592.15
1360.26
1922.15
1754.04
1741.14
843.32
1778.53
1356.79
1482.31
1943.35
1706.86
1760.11
809.70
1201.42
1230.32
1961.07
1456.17
1895.18
1558.28
788.64
1555.82
1667.05
1774.70
1119.48
1046.81
819.05
1484.32
2092.18
1047.06
1802.14
1619.68
1248.52
671.18
1759.56
836.66
1511.70
609.48
1119.52
1104.73
1284.21
1946.47
1992.83
917.54
1724.96
841.58
681.40
1367.92
1147.45
711.00
1569.85
1798.35
1212.35
1502.60
1081.01
1290.87
1525.94
1524.40
1076.34
1177.01
1414.56
460.42
604.85
1514.62
1107.52
1173.04
1196.49
1398.99
961.08
879.29
1823.97
810.62
883.81
1494.80
1624.84
1643.04
1156.66
1566.85
1426.22
1508.52
1450.27
1887.34
1323.62
1647.66
1758.56
1018.80
1688.81
1568.34
1873.57
1441.56
1158.74
1764.44
1400.71
1785.52
1952.70
1885.30
1833.13
1513.55
1276.74
1583.67
1764.45
1292.11
1201.38
1107.88
1600.03
1909.21
1782.91
1936.17
1417.29
940.52
1425.86
1719.48
1605.48
1771.08
648.60
1465.73
488.09
1450.51
2020.16
1557.10
1637.34
924.00
943.96
1689.32
1320.38
1303.68
1469.12
1295.20
1901.39
1630.89
674.19
1227.36
1781.88
1317.58
1300.57
1483.79
1339.88
1061.10
705.17
595.58
1847.56
896.06
1665.59
1900.34
1601.71
1538.31
2028.82
922.63
1368.68
1494.77
1353.66
1298.96
782.35
1766.11
1628.32
1404.30
476.50
1159.34
1609.68
1541.82
966.80
1939.20
844.90
825.69
1426.52
1327.47
1759.81
1409.74
1015.91
1919.26
2127.56
1700.02
1309.80
1201.78
720.05
1631.52
1466.01
1725.88
368.66
1722.64
1756.26
1684.80
1564.83
1802.35
914.73
796.68
1756.25
1643.10
1639.12
1442.55
1188.95
1370.21
1040.92
953.80
1883.19
944.18
1396.28
1452.31
1078.25
1200.55
1595.57
1916.85
1322.30
526.53
1493.97
1091.01
1531.07
1534.00
1265.89
1715.38
1539.39
1622.19
1929.06
1508.26
1045.90
1474.22
2145.65
1199.39
1567.04
1521.34
1066.15
1329.83
1511.64
1115.71
1600.32
799.51
1397.73
991.63
1263.49
1458.87
705.65
1369.94
1956.47
850.29
2209.13
977.62
1215.33
1005.17
1532.62
1809.21
1334.15
1499.11
1316.99
919.22
736.62
1829.98
1235.29
1861.85
1670.56
1753.69
984.39
1504.41
1436.78
1773.47
1222.65
1377.21
1725.19
767.14
1918.70
1996.68
1885.01
1774.84
1733.36
1085.26
1668.26
282.19
1402.63
1203.85
1408.58
845.62
2160.17
1335.29
1421.98
921.63
2057.08
945.95
155.28
842.52
954.51
1858.23
1960.32
1783.73
1630.17
1888.00
1320.27
1533.25
1013.60
1264.45
1519.44
891.99
925.95
1728.99
1269.72
733.33
1435.18
1741.46
1431.67
1657.54
1742.37
1213.68
1959.14
1659.21
1512.90
1720.89
1430.04
1164.13
791.01
1048.30
605.46
1619.84
1618.20
1679.45
1492.70
1302.63
1361.58
1317.50
586.09
1754.62
1667.99
1472.37
1786.39
1582.53
1368.51
2174.05
829.36
1331.78
760.71
1594.98
1484.74
968.30
1314.00
1826.21
1733.90
1622.81
1351.25
803.22
2045.50
902.46
1493.41
1415.33
1279.01
1501.14
1340.05
1400.20
1225.82
949.16
1887.15
1617.77
721.79
1776.49
1370.93
1620.98
561.22
1791.63
1513.24
475.71
1148.88
1429.46
269.37
1301.88
1300.30
1397.68
1673.47
1413.23
1250.59
1699.83
2166.60
669.37
1589.78
718.08
1662.91
1422.52
1147.47
1916.03
1678.80
1846.61
1505.20
1431.81
1887.95
1108.46
1768.16
1458.33
1355.69
1220.21
1782.74
455.98
980.18
997.95
952.17
1789.02
791.24
979.68
1814.39
1523.98
1251.85
342.39
1306.77
1131.06
1111.86
1171.33
850.65
1631.72
1669.62
1814.86
1385.53
1705.40
831.60
1524.24
1366.76
1598.03
1592.95
2214.22
1295.42
1541.31
1435.49
1286.19
1935.83
1855.98
1509.74
924.62
1575.93
930.97
1452.44
829.35
1756.92
1510.50
1283.79
1548.25
1622.18
2016.09
1601.19
204.10
1614.53
1795.84
1266.30
1154.09
1444.95
1589.01
1432.34
902.20
1838.96
1584.99
1559.71
2121.64
1912.05
1519.91
1354.89
1545.67
1607.29
1452.48
398.13
1588.41
1796.54
1168.04
1137.57
1683.62
692.11
608.74
690.48
1816.44
1268.92
